

// 35.Acoustic Bass Drum
$@(drm035) = @ct8[0 0 5 [31 31 31 31 31 31 31 31 31 31 31 31 31 31 31 31 0 0 0 0 0 0 0 0 0 0 0 0 0 0 0 0 ] env[0 1 0 31 0 0 0 15] lfo[0 127 0 0 31 0 0 0 0]]
$(drm035) = @(drm035)v127@pp64o2a

// 36.Bass Drum
$@(drm036) = @ct8[0 0 5 [31 31 31 31 31 31 31 31 31 31 31 31 31 31 31 31 0 0 0 0 0 0 0 0 0 0 0 0 0 0 0 0 ] env[0 1 0 31 0 0 0 15] lfo[0 127 0 0 31 0 0 0 0]]
$(drm036) = @(drm036)v127@pp64o2a

// 37.Side Stick
$@(drm037) = @ct8[0 0 5 [31 31 31 31 31 31 31 31 31 31 31 31 31 31 31 31 0 0 0 0 0 0 0 0 0 0 0 0 0 0 0 0 ] env[0 1 0 31 0 0 0 15] lfo[0 127 0 0 31 0 0 0 0]]
$(drm037) = @(drm037)v127@pp64o2a

// 38.Acoustic Snare
$@(drm038) = @ct8[0 0 5 [31 31 31 31 31 31 31 31 31 31 31 31 31 31 31 31 0 0 0 0 0 0 0 0 0 0 0 0 0 0 0 0 ] env[0 1 0 31 0 0 0 15] lfo[0 127 0 0 31 0 0 0 0]]
$(drm038) = @(drm038)v127@pp64o2a

// 39.Hand Clap
$@(drm039) = @ct8[0 0 5 [31 31 31 31 31 31 31 31 31 31 31 31 31 31 31 31 0 0 0 0 0 0 0 0 0 0 0 0 0 0 0 0 ] env[0 1 0 31 0 0 0 15] lfo[0 127 0 0 31 0 0 0 0]]
$(drm039) = @(drm039)v127@pp64o2a

// 40.Electric Snare
$@(drm040) = @ct8[0 0 5 [31 31 31 31 31 31 31 31 31 31 31 31 31 31 31 31 0 0 0 0 0 0 0 0 0 0 0 0 0 0 0 0 ] env[0 1 0 31 0 0 0 15] lfo[0 127 0 0 31 0 0 0 0]]
$(drm040) = @(drm040)v127@pp64o2a

// 41.Low Floor Tom
$@(drm041) = @ct8[0 0 5 [31 31 31 31 31 31 31 31 31 31 31 31 31 31 31 31 0 0 0 0 0 0 0 0 0 0 0 0 0 0 0 0 ] env[0 1 0 31 0 0 0 15] lfo[0 127 0 0 31 0 0 0 0]]
$(drm041) = @(drm041)v127@pp64o2a

// 42.Closed High-Hat
$@(drm042) = @ct8[0 0 5 [31 31 31 31 31 31 31 31 31 31 31 31 31 31 31 31 0 0 0 0 0 0 0 0 0 0 0 0 0 0 0 0 ] env[0 1 0 31 0 0 0 15] lfo[0 127 0 0 31 0 0 0 0]]
$(drm042) = @(drm042)v127@pp64o2a

// 43.High Floor Tom
$@(drm043) = @ct8[0 0 5 [31 31 31 31 31 31 31 31 31 31 31 31 31 31 31 31 0 0 0 0 0 0 0 0 0 0 0 0 0 0 0 0 ] env[0 1 0 31 0 0 0 15] lfo[0 127 0 0 31 0 0 0 0]]
$(drm043) = @(drm043)v127@pp64o2a

// 44.Pedal High-Hat
$@(drm044) = @ct8[0 0 5 [31 31 31 31 31 31 31 31 31 31 31 31 31 31 31 31 0 0 0 0 0 0 0 0 0 0 0 0 0 0 0 0 ] env[0 1 0 31 0 0 0 15] lfo[0 127 0 0 31 0 0 0 0]]
$(drm044) = @(drm044)v127@pp64o2a

// 45.Low Tom
$@(drm045) = @ct8[0 0 5 [31 31 31 31 31 31 31 31 31 31 31 31 31 31 31 31 0 0 0 0 0 0 0 0 0 0 0 0 0 0 0 0 ] env[0 1 0 31 0 0 0 15] lfo[0 127 0 0 31 0 0 0 0]]
$(drm045) = @(drm045)v127@pp64o2a

// 46.Open High-Hat
$@(drm046) = @ct8[0 0 5 [31 31 31 31 31 31 31 31 31 31 31 31 31 31 31 31 0 0 0 0 0 0 0 0 0 0 0 0 0 0 0 0 ] env[0 1 0 31 0 0 0 15] lfo[0 127 0 0 31 0 0 0 0]]
$(drm046) = @(drm046)v127@pp64o2a

// 47.Low-Mid Tom
$@(drm047) = @ct8[0 0 5 [31 31 31 31 31 31 31 31 31 31 31 31 31 31 31 31 0 0 0 0 0 0 0 0 0 0 0 0 0 0 0 0 ] env[0 1 0 31 0 0 0 15] lfo[0 127 0 0 31 0 0 0 0]]
$(drm047) = @(drm047)v127@pp64o2a

// 48.High-Mid Tom
$@(drm048) = @ct8[0 0 5 [31 31 31 31 31 31 31 31 31 31 31 31 31 31 31 31 0 0 0 0 0 0 0 0 0 0 0 0 0 0 0 0 ] env[0 1 0 31 0 0 0 15] lfo[0 127 0 0 31 0 0 0 0]]
$(drm048) = @(drm048)v127@pp64o2a

// 49.Crash Symbal 1
$@(drm049) = @ct8[0 0 5 [31 31 31 31 31 31 31 31 31 31 31 31 31 31 31 31 0 0 0 0 0 0 0 0 0 0 0 0 0 0 0 0 ] env[0 1 0 31 0 0 0 15] lfo[0 127 0 0 31 0 0 0 0]]
$(drm049) = @(drm049)v127@pp64o2a

// 50.High Tom
$@(drm050) = @ct8[0 0 5 [31 31 31 31 31 31 31 31 31 31 31 31 31 31 31 31 0 0 0 0 0 0 0 0 0 0 0 0 0 0 0 0 ] env[0 1 0 31 0 0 0 15] lfo[0 127 0 0 31 0 0 0 0]]
$(drm050) = @(drm050)v127@pp64o2a

// 51.Ride Symbal 1
$@(drm051) = @ct8[0 0 5 [31 31 31 31 31 31 31 31 31 31 31 31 31 31 31 31 0 0 0 0 0 0 0 0 0 0 0 0 0 0 0 0 ] env[0 1 0 31 0 0 0 15] lfo[0 127 0 0 31 0 0 0 0]]
$(drm051) = @(drm051)v127@pp64o2a

// 52.Chinese Symbal
$@(drm052) = @ct8[0 0 5 [31 31 31 31 31 31 31 31 31 31 31 31 31 31 31 31 0 0 0 0 0 0 0 0 0 0 0 0 0 0 0 0 ] env[0 1 0 31 0 0 0 15] lfo[0 127 0 0 31 0 0 0 0]]
$(drm052) = @(drm052)v127@pp64o2a

// 53.Ride Bell
$@(drm053) = @ct8[0 0 5 [31 31 31 31 31 31 31 31 31 31 31 31 31 31 31 31 0 0 0 0 0 0 0 0 0 0 0 0 0 0 0 0 ] env[0 1 0 31 0 0 0 15] lfo[0 127 0 0 31 0 0 0 0]]
$(drm053) = @(drm053)v127@pp64o2a

// 54.Tambourine
$@(drm054) = @ct8[0 0 5 [31 31 31 31 31 31 31 31 31 31 31 31 31 31 31 31 0 0 0 0 0 0 0 0 0 0 0 0 0 0 0 0 ] env[0 1 0 31 0 0 0 15] lfo[0 127 0 0 31 0 0 0 0]]
$(drm054) = @(drm054)v127@pp64o2a

// 55.Splash Symbal
$@(drm055) = @ct8[0 0 5 [31 31 31 31 31 31 31 31 31 31 31 31 31 31 31 31 0 0 0 0 0 0 0 0 0 0 0 0 0 0 0 0 ] env[0 1 0 31 0 0 0 15] lfo[0 127 0 0 31 0 0 0 0]]
$(drm055) = @(drm055)v127@pp64o2a

// 56.Cowbell
$@(drm056) = @ct8[0 0 5 [31 31 31 31 31 31 31 31 31 31 31 31 31 31 31 31 0 0 0 0 0 0 0 0 0 0 0 0 0 0 0 0 ] env[0 1 0 31 0 0 0 15] lfo[0 127 0 0 31 0 0 0 0]]
$(drm056) = @(drm056)v127@pp64o2a

// 57.Crash Symbal 2
$@(drm057) = @ct8[0 0 5 [31 31 31 31 31 31 31 31 31 31 31 31 31 31 31 31 0 0 0 0 0 0 0 0 0 0 0 0 0 0 0 0 ] env[0 1 0 31 0 0 0 15] lfo[0 127 0 0 31 0 0 0 0]]
$(drm057) = @(drm057)v127@pp64o2a

// 58.Vibraslap
$@(drm058) = @ct8[0 0 5 [31 31 31 31 31 31 31 31 31 31 31 31 31 31 31 31 0 0 0 0 0 0 0 0 0 0 0 0 0 0 0 0 ] env[0 1 0 31 0 0 0 15] lfo[0 127 0 0 31 0 0 0 0]]
$(drm058) = @(drm058)v127@pp64o2a

// 59.Ride Symbal 2
$@(drm059) = @ct8[0 0 5 [31 31 31 31 31 31 31 31 31 31 31 31 31 31 31 31 0 0 0 0 0 0 0 0 0 0 0 0 0 0 0 0 ] env[0 1 0 31 0 0 0 15] lfo[0 127 0 0 31 0 0 0 0]]
$(drm059) = @(drm059)v127@pp64o2a

// 60.High Bongo
$@(drm060) = @ct8[0 0 5 [31 31 31 31 31 31 31 31 31 31 31 31 31 31 31 31 0 0 0 0 0 0 0 0 0 0 0 0 0 0 0 0 ] env[0 1 0 31 0 0 0 15] lfo[0 127 0 0 31 0 0 0 0]]
$(drm060) = @(drm060)v127@pp64o2a

// 61.Low Bongo
$@(drm061) = @ct8[0 0 5 [31 31 31 31 31 31 31 31 31 31 31 31 31 31 31 31 0 0 0 0 0 0 0 0 0 0 0 0 0 0 0 0 ] env[0 1 0 31 0 0 0 15] lfo[0 127 0 0 31 0 0 0 0]]
$(drm061) = @(drm061)v127@pp64o2a

// 62.Mute High Conga
$@(drm062) = @ct8[0 0 5 [31 31 31 31 31 31 31 31 31 31 31 31 31 31 31 31 0 0 0 0 0 0 0 0 0 0 0 0 0 0 0 0 ] env[0 1 0 31 0 0 0 15] lfo[0 127 0 0 31 0 0 0 0]]
$(drm062) = @(drm062)v127@pp64o2a

// 63.Open High Conga
$@(drm063) = @ct8[0 0 5 [31 31 31 31 31 31 31 31 31 31 31 31 31 31 31 31 0 0 0 0 0 0 0 0 0 0 0 0 0 0 0 0 ] env[0 1 0 31 0 0 0 15] lfo[0 127 0 0 31 0 0 0 0]]
$(drm063) = @(drm063)v127@pp64o2a

// 64.Low Conga
$@(drm064) = @ct8[0 0 5 [31 31 31 31 31 31 31 31 31 31 31 31 31 31 31 31 0 0 0 0 0 0 0 0 0 0 0 0 0 0 0 0 ] env[0 1 0 31 0 0 0 15] lfo[0 127 0 0 31 0 0 0 0]]
$(drm064) = @(drm064)v127@pp64o2a

// 65.High Timbale
$@(drm065) = @ct8[0 0 5 [31 31 31 31 31 31 31 31 31 31 31 31 31 31 31 31 0 0 0 0 0 0 0 0 0 0 0 0 0 0 0 0 ] env[0 1 0 31 0 0 0 15] lfo[0 127 0 0 31 0 0 0 0]]
$(drm065) = @(drm065)v127@pp64o2a

// 66.Low Timbale
$@(drm066) = @ct8[0 0 5 [31 31 31 31 31 31 31 31 31 31 31 31 31 31 31 31 0 0 0 0 0 0 0 0 0 0 0 0 0 0 0 0 ] env[0 1 0 31 0 0 0 15] lfo[0 127 0 0 31 0 0 0 0]]
$(drm066) = @(drm066)v127@pp64o2a

// 67.High Agogo
$@(drm067) = @ct8[0 0 5 [31 31 31 31 31 31 31 31 31 31 31 31 31 31 31 31 0 0 0 0 0 0 0 0 0 0 0 0 0 0 0 0 ] env[0 1 0 31 0 0 0 15] lfo[0 127 0 0 31 0 0 0 0]]
$(drm067) = @(drm067)v127@pp64o2a

// 68.Low Agogo
$@(drm068) = @ct8[0 0 5 [31 31 31 31 31 31 31 31 31 31 31 31 31 31 31 31 0 0 0 0 0 0 0 0 0 0 0 0 0 0 0 0 ] env[0 1 0 31 0 0 0 15] lfo[0 127 0 0 31 0 0 0 0]]
$(drm068) = @(drm068)v127@pp64o2a

// 69.Cabasa
$@(drm069) = @ct8[0 0 5 [31 31 31 31 31 31 31 31 31 31 31 31 31 31 31 31 0 0 0 0 0 0 0 0 0 0 0 0 0 0 0 0 ] env[0 1 0 31 0 0 0 15] lfo[0 127 0 0 31 0 0 0 0]]
$(drm069) = @(drm069)v127@pp64o2a

// 70.Maracas
$@(drm070) = @ct8[0 0 5 [31 31 31 31 31 31 31 31 31 31 31 31 31 31 31 31 0 0 0 0 0 0 0 0 0 0 0 0 0 0 0 0 ] env[0 1 0 31 0 0 0 15] lfo[0 127 0 0 31 0 0 0 0]]
$(drm070) = @(drm070)v127@pp64o2a

// 71.Short Whistle
$@(drm071) = @ct8[0 0 5 [31 31 31 31 31 31 31 31 31 31 31 31 31 31 31 31 0 0 0 0 0 0 0 0 0 0 0 0 0 0 0 0 ] env[0 1 0 31 0 0 0 15] lfo[0 127 0 0 31 0 0 0 0]]
$(drm071) = @(drm071)v127@pp64o2a

// 72.Long Whistle
$@(drm072) = @ct8[0 0 5 [31 31 31 31 31 31 31 31 31 31 31 31 31 31 31 31 0 0 0 0 0 0 0 0 0 0 0 0 0 0 0 0 ] env[0 1 0 31 0 0 0 15] lfo[0 127 0 0 31 0 0 0 0]]
$(drm072) = @(drm072)v127@pp64o2a

// 73.Short Guiro
$@(drm073) = @ct8[0 0 5 [31 31 31 31 31 31 31 31 31 31 31 31 31 31 31 31 0 0 0 0 0 0 0 0 0 0 0 0 0 0 0 0 ] env[0 1 0 31 0 0 0 15] lfo[0 127 0 0 31 0 0 0 0]]
$(drm073) = @(drm073)v127@pp64o2a

// 74.Long Guiro
$@(drm074) = @ct8[0 0 5 [31 31 31 31 31 31 31 31 31 31 31 31 31 31 31 31 0 0 0 0 0 0 0 0 0 0 0 0 0 0 0 0 ] env[0 1 0 31 0 0 0 15] lfo[0 127 0 0 31 0 0 0 0]]
$(drm074) = @(drm074)v127@pp64o2a

// 75.Claves
$@(drm075) = @ct8[0 0 5 [31 31 31 31 31 31 31 31 31 31 31 31 31 31 31 31 0 0 0 0 0 0 0 0 0 0 0 0 0 0 0 0 ] env[0 1 0 31 0 0 0 15] lfo[0 127 0 0 31 0 0 0 0]]
$(drm075) = @(drm075)v127@pp64o2a

// 76.High Wood Block
$@(drm076) = @ct8[0 0 5 [31 31 31 31 31 31 31 31 31 31 31 31 31 31 31 31 0 0 0 0 0 0 0 0 0 0 0 0 0 0 0 0 ] env[0 1 0 31 0 0 0 15] lfo[0 127 0 0 31 0 0 0 0]]
$(drm076) = @(drm076)v127@pp64o2a

// 77.Low Wood Block
$@(drm077) = @ct8[0 0 5 [31 31 31 31 31 31 31 31 31 31 31 31 31 31 31 31 0 0 0 0 0 0 0 0 0 0 0 0 0 0 0 0 ] env[0 1 0 31 0 0 0 15] lfo[0 127 0 0 31 0 0 0 0]]
$(drm077) = @(drm077)v127@pp64o2a

// 78.Close Cuica
$@(drm078) = @ct8[0 0 5 [31 31 31 31 31 31 31 31 31 31 31 31 31 31 31 31 0 0 0 0 0 0 0 0 0 0 0 0 0 0 0 0 ] env[0 1 0 31 0 0 0 15] lfo[0 127 0 0 31 0 0 0 0]]
$(drm078) = @(drm078)v127@pp64o2a

// 79.Open Cuica
$@(drm079) = @ct8[0 0 5 [31 31 31 31 31 31 31 31 31 31 31 31 31 31 31 31 0 0 0 0 0 0 0 0 0 0 0 0 0 0 0 0 ] env[0 1 0 31 0 0 0 15] lfo[0 127 0 0 31 0 0 0 0]]
$(drm079) = @(drm079)v127@pp64o2a

// 80.Mute Triangle
$@(drm080) = @ct8[0 0 5 [31 31 31 31 31 31 31 31 31 31 31 31 31 31 31 31 0 0 0 0 0 0 0 0 0 0 0 0 0 0 0 0 ] env[0 1 0 31 0 0 0 15] lfo[0 127 0 0 31 0 0 0 0]]
$(drm080) = @(drm080)v127@pp64o2a

// 81.Open Triangle
$@(drm081) = @ct8[0 0 5 [31 31 31 31 31 31 31 31 31 31 31 31 31 31 31 31 0 0 0 0 0 0 0 0 0 0 0 0 0 0 0 0 ] env[0 1 0 31 0 0 0 15] lfo[0 127 0 0 31 0 0 0 0]]
$(drm081) = @(drm081)v127@pp64o2a

