

// AcousticGrandPiano
$@(prg001) = @ct8[0 0 5 [31 31 31 31 31 31 31 31 31 31 31 31 31 31 31 31 0 0 0 0 0 0 0 0 0 0 0 0 0 0 0 0 ] env[0 1 0 31 0 0 0 15] lfo[0 127 0 0 31 0 0 0 0]]

// BrightAcousticPiano
$@(prg002) = @ct8[0 0 5 [31 31 31 31 31 31 31 31 31 31 31 31 31 31 31 31 0 0 0 0 0 0 0 0 0 0 0 0 0 0 0 0 ] env[0 1 0 31 0 0 0 15] lfo[0 127 0 0 31 0 0 0 0]]

// ElectricGrandPiano
$@(prg003) = @ct8[0 0 5 [31 31 31 31 31 31 31 31 31 31 31 31 31 31 31 31 0 0 0 0 0 0 0 0 0 0 0 0 0 0 0 0 ] env[0 1 0 31 0 0 0 15] lfo[0 127 0 0 31 0 0 0 0]]

// HonkyTonkPiano
$@(prg004) = @ct8[0 0 5 [31 31 31 31 31 31 31 31 31 31 31 31 31 31 31 31 0 0 0 0 0 0 0 0 0 0 0 0 0 0 0 0 ] env[0 1 0 31 0 0 0 15] lfo[0 127 0 0 31 0 0 0 0]]

// ElectricPiano1
$@(prg005) = @ct8[0 0 5 [31 31 31 31 31 31 31 31 31 31 31 31 31 31 31 31 0 0 0 0 0 0 0 0 0 0 0 0 0 0 0 0 ] env[0 1 0 31 0 0 0 15] lfo[0 127 0 0 31 0 0 0 0]]

// ElectricPiano2
$@(prg006) = @ct8[0 0 5 [31 31 31 31 31 31 31 31 31 31 31 31 31 31 31 31 0 0 0 0 0 0 0 0 0 0 0 0 0 0 0 0 ] env[0 1 0 31 0 0 0 15] lfo[0 127 0 0 31 0 0 0 0]]

// Harpsichord
$@(prg007) = @ct8[0 0 5 [31 31 31 31 31 31 31 31 31 31 31 31 31 31 31 31 0 0 0 0 0 0 0 0 0 0 0 0 0 0 0 0 ] env[0 1 0 31 0 0 0 15] lfo[0 127 0 0 31 0 0 0 0]]

// Clavinet
$@(prg008) = @ct8[0 0 5 [31 31 31 31 31 31 31 31 31 31 31 31 31 31 31 31 0 0 0 0 0 0 0 0 0 0 0 0 0 0 0 0 ] env[0 1 0 31 0 0 0 15] lfo[0 127 0 0 31 0 0 0 0]]

// Celesta
$@(prg009) = @ct8[0 0 5 [31 31 31 31 31 31 31 31 31 31 31 31 31 31 31 31 0 0 0 0 0 0 0 0 0 0 0 0 0 0 0 0 ] env[0 1 0 31 0 0 0 15] lfo[0 127 0 0 31 0 0 0 0]]

// Glockenspiel
$@(prg010) = @ct8[0 0 5 [31 31 31 31 31 31 31 31 31 31 31 31 31 31 31 31 0 0 0 0 0 0 0 0 0 0 0 0 0 0 0 0 ] env[0 1 0 31 0 0 0 15] lfo[0 127 0 0 31 0 0 0 0]]

// MusicBox
$@(prg011) = @ct8[0 0 5 [31 31 31 31 31 31 31 31 31 31 31 31 31 31 31 31 0 0 0 0 0 0 0 0 0 0 0 0 0 0 0 0 ] env[0 1 0 31 0 0 0 15] lfo[0 127 0 0 31 0 0 0 0]]

// Vibraphone
$@(prg012) = @ct8[0 0 5 [31 31 31 31 31 31 31 31 31 31 31 31 31 31 31 31 0 0 0 0 0 0 0 0 0 0 0 0 0 0 0 0 ] env[0 1 0 31 0 0 0 15] lfo[0 127 0 0 31 0 0 0 0]]

// Marimba
$@(prg013) = @ct8[0 0 5 [31 31 31 31 31 31 31 31 31 31 31 31 31 31 31 31 0 0 0 0 0 0 0 0 0 0 0 0 0 0 0 0 ] env[0 1 0 31 0 0 0 15] lfo[0 127 0 0 31 0 0 0 0]]

// Xylophone
$@(prg014) = @ct8[0 0 5 [31 31 31 31 31 31 31 31 31 31 31 31 31 31 31 31 0 0 0 0 0 0 0 0 0 0 0 0 0 0 0 0 ] env[0 1 0 31 0 0 0 15] lfo[0 127 0 0 31 0 0 0 0]]

// TubularBells
$@(prg015) = @ct8[0 0 5 [31 31 31 31 31 31 31 31 31 31 31 31 31 31 31 31 0 0 0 0 0 0 0 0 0 0 0 0 0 0 0 0 ] env[0 1 0 31 0 0 0 15] lfo[0 127 0 0 31 0 0 0 0]]

// Dulcimer
$@(prg016) = @ct8[0 0 5 [31 31 31 31 31 31 31 31 31 31 31 31 31 31 31 31 0 0 0 0 0 0 0 0 0 0 0 0 0 0 0 0 ] env[0 1 0 31 0 0 0 15] lfo[0 127 0 0 31 0 0 0 0]]

// DrawbarOrgan
$@(prg017) = @ct8[0 0 5 [31 31 31 31 31 31 31 31 31 31 31 31 31 31 31 31 0 0 0 0 0 0 0 0 0 0 0 0 0 0 0 0 ] env[0 1 0 31 0 0 0 15] lfo[0 127 0 0 31 0 0 0 0]]

// PercussiveOrgan
$@(prg018) = @ct8[0 0 5 [31 31 31 31 31 31 31 31 31 31 31 31 31 31 31 31 0 0 0 0 0 0 0 0 0 0 0 0 0 0 0 0 ] env[0 1 0 31 0 0 0 15] lfo[0 127 0 0 31 0 0 0 0]]

// RockOrgan
$@(prg019) = @ct8[0 0 5 [31 31 31 31 31 31 31 31 31 31 31 31 31 31 31 31 0 0 0 0 0 0 0 0 0 0 0 0 0 0 0 0 ] env[0 1 0 31 0 0 0 15] lfo[0 127 0 0 31 0 0 0 0]]

// ChurchOrgan
$@(prg020) = @ct8[0 0 5 [31 31 31 31 31 31 31 31 31 31 31 31 31 31 31 31 0 0 0 0 0 0 0 0 0 0 0 0 0 0 0 0 ] env[0 1 0 31 0 0 0 15] lfo[0 127 0 0 31 0 0 0 0]]

// ReedOrgan
$@(prg021) = @ct8[0 0 5 [31 31 31 31 31 31 31 31 31 31 31 31 31 31 31 31 0 0 0 0 0 0 0 0 0 0 0 0 0 0 0 0 ] env[0 1 0 31 0 0 0 15] lfo[0 127 0 0 31 0 0 0 0]]

// Accordion
$@(prg022) = @ct8[0 0 5 [31 31 31 31 31 31 31 31 31 31 31 31 31 31 31 31 0 0 0 0 0 0 0 0 0 0 0 0 0 0 0 0 ] env[0 1 0 31 0 0 0 15] lfo[0 127 0 0 31 0 0 0 0]]

// Harmonica
$@(prg023) = @ct8[0 0 5 [31 31 31 31 31 31 31 31 31 31 31 31 31 31 31 31 0 0 0 0 0 0 0 0 0 0 0 0 0 0 0 0 ] env[0 1 0 31 0 0 0 15] lfo[0 127 0 0 31 0 0 0 0]]

// TangoAccordion
$@(prg024) = @ct8[0 0 5 [31 31 31 31 31 31 31 31 31 31 31 31 31 31 31 31 0 0 0 0 0 0 0 0 0 0 0 0 0 0 0 0 ] env[0 1 0 31 0 0 0 15] lfo[0 127 0 0 31 0 0 0 0]]

// AcousticGuitarNylon
$@(prg025) = @ct8[0 0 5 [31 31 31 31 31 31 31 31 31 31 31 31 31 31 31 31 0 0 0 0 0 0 0 0 0 0 0 0 0 0 0 0 ] env[0 1 0 31 0 0 0 15] lfo[0 127 0 0 31 0 0 0 0]]

// AcousticGuitarSteel
$@(prg026) = @ct8[0 0 5 [31 31 31 31 31 31 31 31 31 31 31 31 31 31 31 31 0 0 0 0 0 0 0 0 0 0 0 0 0 0 0 0 ] env[0 1 0 31 0 0 0 15] lfo[0 127 0 0 31 0 0 0 0]]

// ElectricGuitarJazz
$@(prg027) = @ct8[0 0 5 [31 31 31 31 31 31 31 31 31 31 31 31 31 31 31 31 0 0 0 0 0 0 0 0 0 0 0 0 0 0 0 0 ] env[0 1 0 31 0 0 0 15] lfo[0 127 0 0 31 0 0 0 0]]

// ElectricGuitarClean
$@(prg028) = @ct8[0 0 5 [31 31 31 31 31 31 31 31 31 31 31 31 31 31 31 31 0 0 0 0 0 0 0 0 0 0 0 0 0 0 0 0 ] env[0 1 0 31 0 0 0 15] lfo[0 127 0 0 31 0 0 0 0]]

// ElectricGuitarMuted
$@(prg029) = @ct8[0 0 5 [31 31 31 31 31 31 31 31 31 31 31 31 31 31 31 31 0 0 0 0 0 0 0 0 0 0 0 0 0 0 0 0 ] env[0 1 0 31 0 0 0 15] lfo[0 127 0 0 31 0 0 0 0]]

// OverdrivenGuitar
$@(prg030) = @ct8[0 0 5 [31 31 31 31 31 31 31 31 31 31 31 31 31 31 31 31 0 0 0 0 0 0 0 0 0 0 0 0 0 0 0 0 ] env[0 1 0 31 0 0 0 15] lfo[0 127 0 0 31 0 0 0 0]]

// DistortionGuitar
$@(prg031) = @ct8[0 0 5 [31 31 31 31 31 31 31 31 31 31 31 31 31 31 31 31 0 0 0 0 0 0 0 0 0 0 0 0 0 0 0 0 ] env[0 1 0 31 0 0 0 15] lfo[0 127 0 0 31 0 0 0 0]]

// GuitarHarmonics
$@(prg032) = @ct8[0 0 5 [31 31 31 31 31 31 31 31 31 31 31 31 31 31 31 31 0 0 0 0 0 0 0 0 0 0 0 0 0 0 0 0 ] env[0 1 0 31 0 0 0 15] lfo[0 127 0 0 31 0 0 0 0]]

// AcousticBass
$@(prg033) = @ct8[0 0 5 [31 31 31 31 31 31 31 31 31 31 31 31 31 31 31 31 0 0 0 0 0 0 0 0 0 0 0 0 0 0 0 0 ] env[0 1 0 31 0 0 0 15] lfo[0 127 0 0 31 0 0 0 0]]

// ElectricBassFinger
$@(prg034) = @ct8[0 0 5 [31 31 31 31 31 31 31 31 31 31 31 31 31 31 31 31 0 0 0 0 0 0 0 0 0 0 0 0 0 0 0 0 ] env[0 1 0 31 0 0 0 15] lfo[0 127 0 0 31 0 0 0 0]]

// ElectricBassPick
$@(prg035) = @ct8[0 0 5 [31 31 31 31 31 31 31 31 31 31 31 31 31 31 31 31 0 0 0 0 0 0 0 0 0 0 0 0 0 0 0 0 ] env[0 1 0 31 0 0 0 15] lfo[0 127 0 0 31 0 0 0 0]]

// FretlessBass
$@(prg036) = @ct8[0 0 5 [31 31 31 31 31 31 31 31 31 31 31 31 31 31 31 31 0 0 0 0 0 0 0 0 0 0 0 0 0 0 0 0 ] env[0 1 0 31 0 0 0 15] lfo[0 127 0 0 31 0 0 0 0]]

// SlapBass1
$@(prg037) = @ct8[0 0 5 [31 31 31 31 31 31 31 31 31 31 31 31 31 31 31 31 0 0 0 0 0 0 0 0 0 0 0 0 0 0 0 0 ] env[0 1 0 31 0 0 0 15] lfo[0 127 0 0 31 0 0 0 0]]

// SlapBass2
$@(prg038) = @ct8[0 0 5 [31 31 31 31 31 31 31 31 31 31 31 31 31 31 31 31 0 0 0 0 0 0 0 0 0 0 0 0 0 0 0 0 ] env[0 1 0 31 0 0 0 15] lfo[0 127 0 0 31 0 0 0 0]]

// SynthBass1
$@(prg039) = @ct8[0 0 5 [31 31 31 31 31 31 31 31 31 31 31 31 31 31 31 31 0 0 0 0 0 0 0 0 0 0 0 0 0 0 0 0 ] env[0 1 0 31 0 0 0 15] lfo[0 127 0 0 31 0 0 0 0]]

// SynthBass2
$@(prg040) = @ct8[0 0 5 [31 31 31 31 31 31 31 31 31 31 31 31 31 31 31 31 0 0 0 0 0 0 0 0 0 0 0 0 0 0 0 0 ] env[0 1 0 31 0 0 0 15] lfo[0 127 0 0 31 0 0 0 0]]

// Violin
$@(prg041) = @ct8[0 0 5 [31 31 31 31 31 31 31 31 31 31 31 31 31 31 31 31 0 0 0 0 0 0 0 0 0 0 0 0 0 0 0 0 ] env[0 1 0 31 0 0 0 15] lfo[0 127 0 0 31 0 0 0 0]]

// Viola
$@(prg042) = @ct8[0 0 5 [31 31 31 31 31 31 31 31 31 31 31 31 31 31 31 31 0 0 0 0 0 0 0 0 0 0 0 0 0 0 0 0 ] env[0 1 0 31 0 0 0 15] lfo[0 127 0 0 31 0 0 0 0]]

// Cello
$@(prg043) = @ct8[0 0 5 [31 31 31 31 31 31 31 31 31 31 31 31 31 31 31 31 0 0 0 0 0 0 0 0 0 0 0 0 0 0 0 0 ] env[0 1 0 31 0 0 0 15] lfo[0 127 0 0 31 0 0 0 0]]

// Contrabass
$@(prg044) = @ct8[0 0 5 [31 31 31 31 31 31 31 31 31 31 31 31 31 31 31 31 0 0 0 0 0 0 0 0 0 0 0 0 0 0 0 0 ] env[0 1 0 31 0 0 0 15] lfo[0 127 0 0 31 0 0 0 0]]

// TremoloStrings
$@(prg045) = @ct8[0 0 5 [31 31 31 31 31 31 31 31 31 31 31 31 31 31 31 31 0 0 0 0 0 0 0 0 0 0 0 0 0 0 0 0 ] env[0 1 0 31 0 0 0 15] lfo[0 127 0 0 31 0 0 0 0]]

// PizzicatoStrings
$@(prg046) = @ct8[0 0 5 [31 31 31 31 31 31 31 31 31 31 31 31 31 31 31 31 0 0 0 0 0 0 0 0 0 0 0 0 0 0 0 0 ] env[0 1 0 31 0 0 0 15] lfo[0 127 0 0 31 0 0 0 0]]

// OrchestralHarp
$@(prg047) = @ct8[0 0 5 [31 31 31 31 31 31 31 31 31 31 31 31 31 31 31 31 0 0 0 0 0 0 0 0 0 0 0 0 0 0 0 0 ] env[0 1 0 31 0 0 0 15] lfo[0 127 0 0 31 0 0 0 0]]

// Timpani
$@(prg048) = @ct8[0 0 5 [31 31 31 31 31 31 31 31 31 31 31 31 31 31 31 31 0 0 0 0 0 0 0 0 0 0 0 0 0 0 0 0 ] env[0 1 0 31 0 0 0 15] lfo[0 127 0 0 31 0 0 0 0]]

// StringEnsemble1
$@(prg049) = @ct8[0 0 5 [31 31 31 31 31 31 31 31 31 31 31 31 31 31 31 31 0 0 0 0 0 0 0 0 0 0 0 0 0 0 0 0 ] env[0 1 0 31 0 0 0 15] lfo[0 127 0 0 31 0 0 0 0]]

// StringEnsemble2
$@(prg050) = @ct8[0 0 5 [31 31 31 31 31 31 31 31 31 31 31 31 31 31 31 31 0 0 0 0 0 0 0 0 0 0 0 0 0 0 0 0 ] env[0 1 0 31 0 0 0 15] lfo[0 127 0 0 31 0 0 0 0]]

// SynthStrings1
$@(prg051) = @ct8[0 0 5 [31 31 31 31 31 31 31 31 31 31 31 31 31 31 31 31 0 0 0 0 0 0 0 0 0 0 0 0 0 0 0 0 ] env[0 1 0 31 0 0 0 15] lfo[0 127 0 0 31 0 0 0 0]]

// SynthStrings2
$@(prg052) = @ct8[0 0 5 [31 31 31 31 31 31 31 31 31 31 31 31 31 31 31 31 0 0 0 0 0 0 0 0 0 0 0 0 0 0 0 0 ] env[0 1 0 31 0 0 0 15] lfo[0 127 0 0 31 0 0 0 0]]

// ChoirAahs
$@(prg053) = @ct8[0 0 5 [31 31 31 31 31 31 31 31 31 31 31 31 31 31 31 31 0 0 0 0 0 0 0 0 0 0 0 0 0 0 0 0 ] env[0 1 0 31 0 0 0 15] lfo[0 127 0 0 31 0 0 0 0]]

// VoiceOohs
$@(prg054) = @ct8[0 0 5 [31 31 31 31 31 31 31 31 31 31 31 31 31 31 31 31 0 0 0 0 0 0 0 0 0 0 0 0 0 0 0 0 ] env[0 1 0 31 0 0 0 15] lfo[0 127 0 0 31 0 0 0 0]]

// SynthVoice
$@(prg055) = @ct8[0 0 5 [31 31 31 31 31 31 31 31 31 31 31 31 31 31 31 31 0 0 0 0 0 0 0 0 0 0 0 0 0 0 0 0 ] env[0 1 0 31 0 0 0 15] lfo[0 127 0 0 31 0 0 0 0]]

// OrchestraHit
$@(prg056) = @ct8[0 0 5 [31 31 31 31 31 31 31 31 31 31 31 31 31 31 31 31 0 0 0 0 0 0 0 0 0 0 0 0 0 0 0 0 ] env[0 1 0 31 0 0 0 15] lfo[0 127 0 0 31 0 0 0 0]]

// Trumpet
$@(prg057) = @ct8[0 0 5 [31 31 31 31 31 31 31 31 31 31 31 31 31 31 31 31 0 0 0 0 0 0 0 0 0 0 0 0 0 0 0 0 ] env[0 1 0 31 0 0 0 15] lfo[0 127 0 0 31 0 0 0 0]]

// Trombone
$@(prg058) = @ct8[0 0 5 [31 31 31 31 31 31 31 31 31 31 31 31 31 31 31 31 0 0 0 0 0 0 0 0 0 0 0 0 0 0 0 0 ] env[0 1 0 31 0 0 0 15] lfo[0 127 0 0 31 0 0 0 0]]

// Tuba
$@(prg059) = @ct8[0 0 5 [31 31 31 31 31 31 31 31 31 31 31 31 31 31 31 31 0 0 0 0 0 0 0 0 0 0 0 0 0 0 0 0 ] env[0 1 0 31 0 0 0 15] lfo[0 127 0 0 31 0 0 0 0]]

// MutedTrumpet
$@(prg060) = @ct8[0 0 5 [31 31 31 31 31 31 31 31 31 31 31 31 31 31 31 31 0 0 0 0 0 0 0 0 0 0 0 0 0 0 0 0 ] env[0 1 0 31 0 0 0 15] lfo[0 127 0 0 31 0 0 0 0]]

// FrenchHorn
$@(prg061) = @ct8[0 0 5 [31 31 31 31 31 31 31 31 31 31 31 31 31 31 31 31 0 0 0 0 0 0 0 0 0 0 0 0 0 0 0 0 ] env[0 1 0 31 0 0 0 15] lfo[0 127 0 0 31 0 0 0 0]]

// BrassSection
$@(prg062) = @ct8[0 0 5 [31 31 31 31 31 31 31 31 31 31 31 31 31 31 31 31 0 0 0 0 0 0 0 0 0 0 0 0 0 0 0 0 ] env[0 1 0 31 0 0 0 15] lfo[0 127 0 0 31 0 0 0 0]]

// SynthBrass1
$@(prg063) = @ct8[0 0 5 [31 31 31 31 31 31 31 31 31 31 31 31 31 31 31 31 0 0 0 0 0 0 0 0 0 0 0 0 0 0 0 0 ] env[0 1 0 31 0 0 0 15] lfo[0 127 0 0 31 0 0 0 0]]

// SynthBrass2
$@(prg064) = @ct8[0 0 5 [31 31 31 31 31 31 31 31 31 31 31 31 31 31 31 31 0 0 0 0 0 0 0 0 0 0 0 0 0 0 0 0 ] env[0 1 0 31 0 0 0 15] lfo[0 127 0 0 31 0 0 0 0]]

// SopranoSax
$@(prg065) = @ct8[0 0 5 [31 31 31 31 31 31 31 31 31 31 31 31 31 31 31 31 0 0 0 0 0 0 0 0 0 0 0 0 0 0 0 0 ] env[0 1 0 31 0 0 0 15] lfo[0 127 0 0 31 0 0 0 0]]

// AltoSax
$@(prg066) = @ct8[0 0 5 [31 31 31 31 31 31 31 31 31 31 31 31 31 31 31 31 0 0 0 0 0 0 0 0 0 0 0 0 0 0 0 0 ] env[0 1 0 31 0 0 0 15] lfo[0 127 0 0 31 0 0 0 0]]

// TenorSax
$@(prg067) = @ct8[0 0 5 [31 31 31 31 31 31 31 31 31 31 31 31 31 31 31 31 0 0 0 0 0 0 0 0 0 0 0 0 0 0 0 0 ] env[0 1 0 31 0 0 0 15] lfo[0 127 0 0 31 0 0 0 0]]

// BaritoneSax
$@(prg068) = @ct8[0 0 5 [31 31 31 31 31 31 31 31 31 31 31 31 31 31 31 31 0 0 0 0 0 0 0 0 0 0 0 0 0 0 0 0 ] env[0 1 0 31 0 0 0 15] lfo[0 127 0 0 31 0 0 0 0]]

// Oboe
$@(prg069) = @ct8[0 0 5 [31 31 31 31 31 31 31 31 31 31 31 31 31 31 31 31 0 0 0 0 0 0 0 0 0 0 0 0 0 0 0 0 ] env[0 1 0 31 0 0 0 15] lfo[0 127 0 0 31 0 0 0 0]]

// EnglishHorn
$@(prg070) = @ct8[0 0 5 [31 31 31 31 31 31 31 31 31 31 31 31 31 31 31 31 0 0 0 0 0 0 0 0 0 0 0 0 0 0 0 0 ] env[0 1 0 31 0 0 0 15] lfo[0 127 0 0 31 0 0 0 0]]

// Bassoon
$@(prg071) = @ct8[0 0 5 [31 31 31 31 31 31 31 31 31 31 31 31 31 31 31 31 0 0 0 0 0 0 0 0 0 0 0 0 0 0 0 0 ] env[0 1 0 31 0 0 0 15] lfo[0 127 0 0 31 0 0 0 0]]

// Clarinet
$@(prg072) = @ct8[0 0 5 [31 31 31 31 31 31 31 31 31 31 31 31 31 31 31 31 0 0 0 0 0 0 0 0 0 0 0 0 0 0 0 0 ] env[0 1 0 31 0 0 0 15] lfo[0 127 0 0 31 0 0 0 0]]

// Piccolo
$@(prg073) = @ct8[0 0 5 [31 31 31 31 31 31 31 31 31 31 31 31 31 31 31 31 0 0 0 0 0 0 0 0 0 0 0 0 0 0 0 0 ] env[0 1 0 31 0 0 0 15] lfo[0 127 0 0 31 0 0 0 0]]

// Flute
$@(prg074) = @ct8[0 0 5 [31 31 31 31 31 31 31 31 31 31 31 31 31 31 31 31 0 0 0 0 0 0 0 0 0 0 0 0 0 0 0 0 ] env[0 1 0 31 0 0 0 15] lfo[0 127 0 0 31 0 0 0 0]]

// Recorder
$@(prg075) = @ct8[0 0 5 [31 31 31 31 31 31 31 31 31 31 31 31 31 31 31 31 0 0 0 0 0 0 0 0 0 0 0 0 0 0 0 0 ] env[0 1 0 31 0 0 0 15] lfo[0 127 0 0 31 0 0 0 0]]

// PanFlute
$@(prg076) = @ct8[0 0 5 [31 31 31 31 31 31 31 31 31 31 31 31 31 31 31 31 0 0 0 0 0 0 0 0 0 0 0 0 0 0 0 0 ] env[0 1 0 31 0 0 0 15] lfo[0 127 0 0 31 0 0 0 0]]

// BlownBottle
$@(prg077) = @ct8[0 0 5 [31 31 31 31 31 31 31 31 31 31 31 31 31 31 31 31 0 0 0 0 0 0 0 0 0 0 0 0 0 0 0 0 ] env[0 1 0 31 0 0 0 15] lfo[0 127 0 0 31 0 0 0 0]]

// Shakuhachi
$@(prg078) = @ct8[0 0 5 [31 31 31 31 31 31 31 31 31 31 31 31 31 31 31 31 0 0 0 0 0 0 0 0 0 0 0 0 0 0 0 0 ] env[0 1 0 31 0 0 0 15] lfo[0 127 0 0 31 0 0 0 0]]

// Whistle
$@(prg079) = @ct8[0 0 5 [31 31 31 31 31 31 31 31 31 31 31 31 31 31 31 31 0 0 0 0 0 0 0 0 0 0 0 0 0 0 0 0 ] env[0 1 0 31 0 0 0 15] lfo[0 127 0 0 31 0 0 0 0]]

// Ocarina
$@(prg080) = @ct8[0 0 5 [31 31 31 31 31 31 31 31 31 31 31 31 31 31 31 31 0 0 0 0 0 0 0 0 0 0 0 0 0 0 0 0 ] env[0 1 0 31 0 0 0 15] lfo[0 127 0 0 31 0 0 0 0]]

// Lead1Square
$@(prg081) = @ct8[0 0 5 [31 31 31 31 31 31 31 31 31 31 31 31 31 31 31 31 0 0 0 0 0 0 0 0 0 0 0 0 0 0 0 0 ] env[0 1 0 31 0 0 0 15] lfo[0 127 0 0 31 0 0 0 0]]

// Lead2Sawtooth
$@(prg082) = @ct8[0 0 5 [31 31 31 31 31 31 31 31 31 31 31 31 31 31 31 31 0 0 0 0 0 0 0 0 0 0 0 0 0 0 0 0 ] env[0 1 0 31 0 0 0 15] lfo[0 127 0 0 31 0 0 0 0]]

// Lead3Calliope
$@(prg083) = @ct8[0 0 5 [31 31 31 31 31 31 31 31 31 31 31 31 31 31 31 31 0 0 0 0 0 0 0 0 0 0 0 0 0 0 0 0 ] env[0 1 0 31 0 0 0 15] lfo[0 127 0 0 31 0 0 0 0]]

// Lead4Chiff
$@(prg084) = @ct8[0 0 5 [31 31 31 31 31 31 31 31 31 31 31 31 31 31 31 31 0 0 0 0 0 0 0 0 0 0 0 0 0 0 0 0 ] env[0 1 0 31 0 0 0 15] lfo[0 127 0 0 31 0 0 0 0]]

// Lead5Charang
$@(prg085) = @ct8[0 0 5 [31 31 31 31 31 31 31 31 31 31 31 31 31 31 31 31 0 0 0 0 0 0 0 0 0 0 0 0 0 0 0 0 ] env[0 1 0 31 0 0 0 15] lfo[0 127 0 0 31 0 0 0 0]]

// Lead6Voice
$@(prg086) = @ct8[0 0 5 [31 31 31 31 31 31 31 31 31 31 31 31 31 31 31 31 0 0 0 0 0 0 0 0 0 0 0 0 0 0 0 0 ] env[0 1 0 31 0 0 0 15] lfo[0 127 0 0 31 0 0 0 0]]

// Lead7Fifths
$@(prg087) = @ct8[0 0 5 [31 31 31 31 31 31 31 31 31 31 31 31 31 31 31 31 0 0 0 0 0 0 0 0 0 0 0 0 0 0 0 0 ] env[0 1 0 31 0 0 0 15] lfo[0 127 0 0 31 0 0 0 0]]

// Lead8BassAndLead
$@(prg088) = @ct8[0 0 5 [31 31 31 31 31 31 31 31 31 31 31 31 31 31 31 31 0 0 0 0 0 0 0 0 0 0 0 0 0 0 0 0 ] env[0 1 0 31 0 0 0 15] lfo[0 127 0 0 31 0 0 0 0]]

// Pad1NewAge
$@(prg089) = @ct8[0 0 5 [31 31 31 31 31 31 31 31 31 31 31 31 31 31 31 31 0 0 0 0 0 0 0 0 0 0 0 0 0 0 0 0 ] env[0 1 0 31 0 0 0 15] lfo[0 127 0 0 31 0 0 0 0]]

// Pad2Warm
$@(prg090) = @ct8[0 0 5 [31 31 31 31 31 31 31 31 31 31 31 31 31 31 31 31 0 0 0 0 0 0 0 0 0 0 0 0 0 0 0 0 ] env[0 1 0 31 0 0 0 15] lfo[0 127 0 0 31 0 0 0 0]]

// Pad3Polysynth
$@(prg091) = @ct8[0 0 5 [31 31 31 31 31 31 31 31 31 31 31 31 31 31 31 31 0 0 0 0 0 0 0 0 0 0 0 0 0 0 0 0 ] env[0 1 0 31 0 0 0 15] lfo[0 127 0 0 31 0 0 0 0]]

// Pad4Choir
$@(prg092) = @ct8[0 0 5 [31 31 31 31 31 31 31 31 31 31 31 31 31 31 31 31 0 0 0 0 0 0 0 0 0 0 0 0 0 0 0 0 ] env[0 1 0 31 0 0 0 15] lfo[0 127 0 0 31 0 0 0 0]]

// Pad5Bowed
$@(prg093) = @ct8[0 0 5 [31 31 31 31 31 31 31 31 31 31 31 31 31 31 31 31 0 0 0 0 0 0 0 0 0 0 0 0 0 0 0 0 ] env[0 1 0 31 0 0 0 15] lfo[0 127 0 0 31 0 0 0 0]]

// Pad6Metallic
$@(prg094) = @ct8[0 0 5 [31 31 31 31 31 31 31 31 31 31 31 31 31 31 31 31 0 0 0 0 0 0 0 0 0 0 0 0 0 0 0 0 ] env[0 1 0 31 0 0 0 15] lfo[0 127 0 0 31 0 0 0 0]]

// Pad7Halo
$@(prg095) = @ct8[0 0 5 [31 31 31 31 31 31 31 31 31 31 31 31 31 31 31 31 0 0 0 0 0 0 0 0 0 0 0 0 0 0 0 0 ] env[0 1 0 31 0 0 0 15] lfo[0 127 0 0 31 0 0 0 0]]

// Pad8Sweep
$@(prg096) = @ct8[0 0 5 [31 31 31 31 31 31 31 31 31 31 31 31 31 31 31 31 0 0 0 0 0 0 0 0 0 0 0 0 0 0 0 0 ] env[0 1 0 31 0 0 0 15] lfo[0 127 0 0 31 0 0 0 0]]

// Fx1Rain
$@(prg097) = @ct8[0 0 5 [31 31 31 31 31 31 31 31 31 31 31 31 31 31 31 31 0 0 0 0 0 0 0 0 0 0 0 0 0 0 0 0 ] env[0 1 0 31 0 0 0 15] lfo[0 127 0 0 31 0 0 0 0]]

// Fx2Soundtrack
$@(prg098) = @ct8[0 0 5 [31 31 31 31 31 31 31 31 31 31 31 31 31 31 31 31 0 0 0 0 0 0 0 0 0 0 0 0 0 0 0 0 ] env[0 1 0 31 0 0 0 15] lfo[0 127 0 0 31 0 0 0 0]]

// Fx3Crystal
$@(prg099) = @ct8[0 0 5 [31 31 31 31 31 31 31 31 31 31 31 31 31 31 31 31 0 0 0 0 0 0 0 0 0 0 0 0 0 0 0 0 ] env[0 1 0 31 0 0 0 15] lfo[0 127 0 0 31 0 0 0 0]]

// Fx4Atmosphere
$@(prg100) = @ct8[0 0 5 [31 31 31 31 31 31 31 31 31 31 31 31 31 31 31 31 0 0 0 0 0 0 0 0 0 0 0 0 0 0 0 0 ] env[0 1 0 31 0 0 0 15] lfo[0 127 0 0 31 0 0 0 0]]

// Fx5Brightness
$@(prg101) = @ct8[0 0 5 [31 31 31 31 31 31 31 31 31 31 31 31 31 31 31 31 0 0 0 0 0 0 0 0 0 0 0 0 0 0 0 0 ] env[0 1 0 31 0 0 0 15] lfo[0 127 0 0 31 0 0 0 0]]

// Fx6Goblins
$@(prg102) = @ct8[0 0 5 [31 31 31 31 31 31 31 31 31 31 31 31 31 31 31 31 0 0 0 0 0 0 0 0 0 0 0 0 0 0 0 0 ] env[0 1 0 31 0 0 0 15] lfo[0 127 0 0 31 0 0 0 0]]

// Fx7Echoes
$@(prg103) = @ct8[0 0 5 [31 31 31 31 31 31 31 31 31 31 31 31 31 31 31 31 0 0 0 0 0 0 0 0 0 0 0 0 0 0 0 0 ] env[0 1 0 31 0 0 0 15] lfo[0 127 0 0 31 0 0 0 0]]

// Fx8SciFi
$@(prg104) = @ct8[0 0 5 [31 31 31 31 31 31 31 31 31 31 31 31 31 31 31 31 0 0 0 0 0 0 0 0 0 0 0 0 0 0 0 0 ] env[0 1 0 31 0 0 0 15] lfo[0 127 0 0 31 0 0 0 0]]

// Sitar
$@(prg105) = @ct8[0 0 5 [31 31 31 31 31 31 31 31 31 31 31 31 31 31 31 31 0 0 0 0 0 0 0 0 0 0 0 0 0 0 0 0 ] env[0 1 0 31 0 0 0 15] lfo[0 127 0 0 31 0 0 0 0]]

// Banjo
$@(prg106) = @ct8[0 0 5 [31 31 31 31 31 31 31 31 31 31 31 31 31 31 31 31 0 0 0 0 0 0 0 0 0 0 0 0 0 0 0 0 ] env[0 1 0 31 0 0 0 15] lfo[0 127 0 0 31 0 0 0 0]]

// Shamisen
$@(prg107) = @ct8[0 0 5 [31 31 31 31 31 31 31 31 31 31 31 31 31 31 31 31 0 0 0 0 0 0 0 0 0 0 0 0 0 0 0 0 ] env[0 1 0 31 0 0 0 15] lfo[0 127 0 0 31 0 0 0 0]]

// Koto
$@(prg108) = @ct8[0 0 5 [31 31 31 31 31 31 31 31 31 31 31 31 31 31 31 31 0 0 0 0 0 0 0 0 0 0 0 0 0 0 0 0 ] env[0 1 0 31 0 0 0 15] lfo[0 127 0 0 31 0 0 0 0]]

// Kalimba
$@(prg109) = @ct8[0 0 5 [31 31 31 31 31 31 31 31 31 31 31 31 31 31 31 31 0 0 0 0 0 0 0 0 0 0 0 0 0 0 0 0 ] env[0 1 0 31 0 0 0 15] lfo[0 127 0 0 31 0 0 0 0]]

// BagPipe
$@(prg110) = @ct8[0 0 5 [31 31 31 31 31 31 31 31 31 31 31 31 31 31 31 31 0 0 0 0 0 0 0 0 0 0 0 0 0 0 0 0 ] env[0 1 0 31 0 0 0 15] lfo[0 127 0 0 31 0 0 0 0]]

// Fiddle
$@(prg111) = @ct8[0 0 5 [31 31 31 31 31 31 31 31 31 31 31 31 31 31 31 31 0 0 0 0 0 0 0 0 0 0 0 0 0 0 0 0 ] env[0 1 0 31 0 0 0 15] lfo[0 127 0 0 31 0 0 0 0]]

// Shanai
$@(prg112) = @ct8[0 0 5 [31 31 31 31 31 31 31 31 31 31 31 31 31 31 31 31 0 0 0 0 0 0 0 0 0 0 0 0 0 0 0 0 ] env[0 1 0 31 0 0 0 15] lfo[0 127 0 0 31 0 0 0 0]]

// TinkleBell
$@(prg113) = @ct8[0 0 5 [31 31 31 31 31 31 31 31 31 31 31 31 31 31 31 31 0 0 0 0 0 0 0 0 0 0 0 0 0 0 0 0 ] env[0 1 0 31 0 0 0 15] lfo[0 127 0 0 31 0 0 0 0]]

// Agogo
$@(prg114) = @ct8[0 0 5 [31 31 31 31 31 31 31 31 31 31 31 31 31 31 31 31 0 0 0 0 0 0 0 0 0 0 0 0 0 0 0 0 ] env[0 1 0 31 0 0 0 15] lfo[0 127 0 0 31 0 0 0 0]]

// SteelDrums
$@(prg115) = @ct8[0 0 5 [31 31 31 31 31 31 31 31 31 31 31 31 31 31 31 31 0 0 0 0 0 0 0 0 0 0 0 0 0 0 0 0 ] env[0 1 0 31 0 0 0 15] lfo[0 127 0 0 31 0 0 0 0]]

// Woodblock
$@(prg116) = @ct8[0 0 5 [31 31 31 31 31 31 31 31 31 31 31 31 31 31 31 31 0 0 0 0 0 0 0 0 0 0 0 0 0 0 0 0 ] env[0 1 0 31 0 0 0 15] lfo[0 127 0 0 31 0 0 0 0]]

// TaikoDrum
$@(prg117) = @ct8[0 0 5 [31 31 31 31 31 31 31 31 31 31 31 31 31 31 31 31 0 0 0 0 0 0 0 0 0 0 0 0 0 0 0 0 ] env[0 1 0 31 0 0 0 15] lfo[0 127 0 0 31 0 0 0 0]]

// MelodicTom
$@(prg118) = @ct8[0 0 5 [31 31 31 31 31 31 31 31 31 31 31 31 31 31 31 31 0 0 0 0 0 0 0 0 0 0 0 0 0 0 0 0 ] env[0 1 0 31 0 0 0 15] lfo[0 127 0 0 31 0 0 0 0]]

// SynthDrum
$@(prg119) = @ct8[0 0 5 [31 31 31 31 31 31 31 31 31 31 31 31 31 31 31 31 0 0 0 0 0 0 0 0 0 0 0 0 0 0 0 0 ] env[0 1 0 31 0 0 0 15] lfo[0 127 0 0 31 0 0 0 0]]

// ReverseCymbal
$@(prg120) = @ct8[0 0 5 [31 31 31 31 31 31 31 31 31 31 31 31 31 31 31 31 0 0 0 0 0 0 0 0 0 0 0 0 0 0 0 0 ] env[0 1 0 31 0 0 0 15] lfo[0 127 0 0 31 0 0 0 0]]

// GuitarFretNoise
$@(prg121) = @ct8[0 0 5 [31 31 31 31 31 31 31 31 31 31 31 31 31 31 31 31 0 0 0 0 0 0 0 0 0 0 0 0 0 0 0 0 ] env[0 1 0 31 0 0 0 15] lfo[0 127 0 0 31 0 0 0 0]]

// BreathNoise
$@(prg122) = @ct8[0 0 5 [31 31 31 31 31 31 31 31 31 31 31 31 31 31 31 31 0 0 0 0 0 0 0 0 0 0 0 0 0 0 0 0 ] env[0 1 0 31 0 0 0 15] lfo[0 127 0 0 31 0 0 0 0]]

// Seashore
$@(prg123) = @ct8[0 0 5 [31 31 31 31 31 31 31 31 31 31 31 31 31 31 31 31 0 0 0 0 0 0 0 0 0 0 0 0 0 0 0 0 ] env[0 1 0 31 0 0 0 15] lfo[0 127 0 0 31 0 0 0 0]]

// BirdTweet
$@(prg124) = @ct8[0 0 5 [31 31 31 31 31 31 31 31 31 31 31 31 31 31 31 31 0 0 0 0 0 0 0 0 0 0 0 0 0 0 0 0 ] env[0 1 0 31 0 0 0 15] lfo[0 127 0 0 31 0 0 0 0]]

// TelephoneRing
$@(prg125) = @ct8[0 0 5 [31 31 31 31 31 31 31 31 31 31 31 31 31 31 31 31 0 0 0 0 0 0 0 0 0 0 0 0 0 0 0 0 ] env[0 1 0 31 0 0 0 15] lfo[0 127 0 0 31 0 0 0 0]]

// Helicopter
$@(prg126) = @ct8[0 0 5 [31 31 31 31 31 31 31 31 31 31 31 31 31 31 31 31 0 0 0 0 0 0 0 0 0 0 0 0 0 0 0 0 ] env[0 1 0 31 0 0 0 15] lfo[0 127 0 0 31 0 0 0 0]]

// Applause
$@(prg127) = @ct8[0 0 5 [31 31 31 31 31 31 31 31 31 31 31 31 31 31 31 31 0 0 0 0 0 0 0 0 0 0 0 0 0 0 0 0 ] env[0 1 0 31 0 0 0 15] lfo[0 127 0 0 31 0 0 0 0]]

// Gunshot
$@(prg128) = @ct8[0 0 5 [31 31 31 31 31 31 31 31 31 31 31 31 31 31 31 31 0 0 0 0 0 0 0 0 0 0 0 0 0 0 0 0 ] env[0 1 0 31 0 0 0 15] lfo[0 127 0 0 31 0 0 0 0]]

